<svg version="1.1" id="Layer_1" xmlns="http://www.w3.org/2000/svg" xmlns:xlink="http://www.w3.org/1999/xlink" x="0px" y="0px"
	 width="100%" viewBox="0 0 182 182" enable-background="new 0 0 182 182" xml:space="preserve">
<path fill="#000000" opacity="1.000000" stroke="none" 
	d="
M69.000000,1.000000 
	C106.926956,1.000000 144.853912,1.000000 183.000000,1.000000 
	C183.000000,38.687279 183.000000,76.374977 182.702209,114.819580 
	C177.935532,109.781761 172.012939,109.905891 166.025711,112.089424 
	C156.151871,115.690399 146.166916,116.984230 135.647186,116.122925 
	C125.318161,115.277229 115.512962,112.640526 106.639938,107.738693 
	C91.014084,99.106316 78.869644,86.744545 73.130737,69.506348 
	C70.156052,60.571133 67.647606,51.069714 67.403030,41.759079 
	C67.184570,33.443085 70.181503,24.994627 72.116463,16.687746 
	C73.311920,11.555576 74.465309,6.735549 69.442711,2.896807 
	C69.044510,2.592464 69.136055,1.647334 69.000000,1.000000 
z"/>
<path fill="#FFFFFF" opacity="1.000000" stroke="none" 
	d="
M68.541931,1.000000 
	C69.136055,1.647334 69.044510,2.592464 69.442711,2.896807 
	C74.465309,6.735549 73.311920,11.555576 72.116463,16.687746 
	C70.181503,24.994627 67.184570,33.443085 67.403030,41.759079 
	C67.647606,51.069714 70.156052,60.571133 73.130737,69.506348 
	C78.869644,86.744545 91.014084,99.106316 106.639938,107.738693 
	C115.512962,112.640526 125.318161,115.277229 135.647186,116.122925 
	C146.166916,116.984230 156.151871,115.690399 166.025711,112.089424 
	C172.012939,109.905891 177.935532,109.781761 182.702209,115.288239 
	C183.000000,118.361290 183.000000,121.722572 182.692093,125.251793 
	C181.733688,126.313553 180.898804,127.125656 180.460892,128.113693 
	C175.445740,139.429596 168.043976,148.928940 159.128006,157.467300 
	C146.050247,169.991241 130.690613,177.755692 112.959900,181.069534 
	C112.212440,181.209229 111.649109,182.334091 111.000000,183.000000 
	C100.645775,183.000000 90.291542,183.000000 79.767761,182.649719 
	C78.939537,181.871353 78.335732,181.262482 77.613655,181.043365 
	C70.890839,179.003357 63.807175,177.781860 57.468533,174.909714 
	C27.731554,161.435394 9.310789,138.699417 2.920544,106.468513 
	C2.802951,105.875404 1.662953,105.484993 0.999999,105.000000 
	C1.000000,94.645775 1.000000,84.291542 1.349617,73.767700 
	C2.131961,72.776199 2.703927,71.997673 2.975400,71.125603 
	C5.155822,64.121254 6.541701,56.763073 9.557182,50.144894 
	C19.098234,29.204800 34.321552,13.614601 55.368664,3.898945 
	C56.459415,3.395437 57.132477,1.987087 58.000000,1.000001 
	C61.361286,1.000000 64.722572,1.000000 68.541931,1.000000 
M22.030218,74.828285 
	C21.691004,82.401558 20.218933,90.130531 21.234240,97.517639 
	C23.827957,116.388863 32.035393,132.801804 46.823460,145.195862 
	C59.751427,156.030960 74.607002,163.013733 91.805275,162.841736 
	C100.034508,162.759445 108.495232,161.920288 116.412537,159.792267 
	C130.573029,155.986206 142.289093,147.836609 152.266205,135.745499 
	C122.002998,138.017563 96.177383,129.681778 75.106712,108.557671 
	C54.101158,87.498848 46.054157,61.599945 48.153488,31.710686 
	C34.351986,43.454350 26.028698,57.341141 22.030218,74.828285 
z"/>
<path fill="#000000" opacity="1.000000" stroke="none" 
	d="
M0.999999,105.468658 
	C1.662953,105.484993 2.802951,105.875404 2.920544,106.468513 
	C9.310789,138.699417 27.731554,161.435394 57.468533,174.909714 
	C63.807175,177.781860 70.890839,179.003357 77.613655,181.043365 
	C78.335732,181.262482 78.939537,181.871353 79.299103,182.649719 
	C53.073116,183.000000 27.146233,183.000000 1.000000,183.000000 
	C1.000000,157.312851 1.000000,131.625092 0.999999,105.468658 
z"/>
<path fill="#000000" opacity="1.000000" stroke="none" 
	d="
M57.531342,1.000001 
	C57.132477,1.987087 56.459415,3.395437 55.368664,3.898945 
	C34.321552,13.614601 19.098234,29.204800 9.557182,50.144894 
	C6.541701,56.763073 5.155822,64.121254 2.975400,71.125603 
	C2.703927,71.997673 2.131961,72.776199 1.349617,73.299042 
	C1.000000,49.081676 1.000000,25.163357 1.000000,1.000000 
	C19.686848,1.000000 38.374763,1.000000 57.531342,1.000001 
z"/>
<path fill="#000000" opacity="1.000000" stroke="none" 
	d="
M111.468658,183.000000 
	C111.649109,182.334091 112.212440,181.209229 112.959900,181.069534 
	C130.690613,177.755692 146.050247,169.991241 159.128006,157.467300 
	C168.043976,148.928940 175.445740,139.429596 180.460892,128.113693 
	C180.898804,127.125656 181.733688,126.313553 182.692093,125.709862 
	C183.000000,144.935333 183.000000,163.870682 183.000000,183.000000 
	C159.312790,183.000000 135.625061,183.000000 111.468658,183.000000 
z"/>
<path fill="#000000" opacity="1.000000" stroke="none" 
	d="
M22.231575,74.440414 
	C26.028698,57.341141 34.351986,43.454350 48.153488,31.710686 
	C46.054157,61.599945 54.101158,87.498848 75.106712,108.557671 
	C96.177383,129.681778 122.002998,138.017563 152.266205,135.745499 
	C142.289093,147.836609 130.573029,155.986206 116.412537,159.792267 
	C108.495232,161.920288 100.034508,162.759445 91.805275,162.841736 
	C74.607002,163.013733 59.751427,156.030960 46.823460,145.195862 
	C32.035393,132.801804 23.827957,116.388863 21.234240,97.517639 
	C20.218933,90.130531 21.691004,82.401558 22.231575,74.440414 
z"/>
</svg>